partA

time =

    0.4010


time =

    3.5281


time =

   34.9352

partB

time =

    0.8255


time =

    0.0842


time =

    0.0116


time =

    0.0026


time =

    0.0023


time =

    0.0015


time =

    0.0021


time =

    0.0066


time =

    0.0147


time =

    0.0844